<!DOCTYPE HTML>
<html>
  <head>
    <meta charset="UTF-8">
    <title>AME Results</title>
    <script type="text/javascript">
      //@JSON_VAR data
      var data = {
        "version": "5.5.9",
        "revision": "6382f4dae88299cf3750f39e5b851639b00ee338",
        "release": "Fri Nov 21 15:33:51 2025 -0800",
        "program": "AME",
        "cmd": [
          "ame", "--method", "ranksum", "--oc",
          "/Users/ferenc.kagan/Documents/Projects/CNE_fin/output/meme_analysis/vertebrata_motifs/ame_output",
          "/Users/ferenc.kagan/Documents/Projects/CNE_fin/output/meme_analysis/vertebrata_motifs/vertebrata_cne.fa",
          "/motifs/jaspar_vertebrate_pwm.meme"
        ],
        "options": {
          "scoring": "avg_odds",
          "positive_list": "FASTA",
          "pvalue_method": "Wilcoxon rank-sum test",
          "pseudocount": 0.1,
          "fisher_fasta_threshold": 0.001,
          "hit_lo_fraction": 0.25,
          "evalue_report_threshold": 10,
          "noseq": true,
          "log_fscores": false,
          "log_pwmscores": false,
          "linreg_switchxy": true,
          "fix_partition": false,
          "kmer": 2
        },
        "motif_dbs": [
          {
            "source": "/motifs/jaspar_vertebrate_pwm.meme",
            "count": 2059
          }
        ],
        "alphabet": {
          "name": "DNA",
          "like": "dna",
          "ncore": 4,
          "symbols": [
            {
              "symbol": "A",
              "name": "Adenine",
              "colour": "CC0000",
              "complement": "T"
            }, {
              "symbol": "C",
              "name": "Cytosine",
              "colour": "0000CC",
              "complement": "G"
            }, {
              "symbol": "G",
              "name": "Guanine",
              "colour": "FFB300",
              "complement": "C"
            }, {
              "symbol": "T",
              "aliases": "U",
              "name": "Thymine",
              "colour": "008000",
              "complement": "A"
            }, {
              "symbol": "N",
              "aliases": "X.",
              "name": "Any base",
              "equals": "ACGT"
            }, {
              "symbol": "V",
              "name": "Not T",
              "equals": "ACG"
            }, {
              "symbol": "H",
              "name": "Not G",
              "equals": "ACT"
            }, {
              "symbol": "D",
              "name": "Not C",
              "equals": "AGT"
            }, {
              "symbol": "B",
              "name": "Not A",
              "equals": "CGT"
            }, {
              "symbol": "M",
              "name": "Amino",
              "equals": "AC"
            }, {
              "symbol": "R",
              "name": "Purine",
              "equals": "AG"
            }, {
              "symbol": "W",
              "name": "Weak",
              "equals": "AT"
            }, {
              "symbol": "S",
              "name": "Strong",
              "equals": "CG"
            }, {
              "symbol": "Y",
              "name": "Pyrimidine",
              "equals": "CT"
            }, {
              "symbol": "K",
              "name": "Keto",
              "equals": "GT"
            }
          ]
        },
        "background": {
          "source": "--sequences--",
          "file": "/Users/ferenc.kagan/Documents/Projects/CNE_fin/output/meme_analysis/vertebrata_motifs/vertebrata_cne.fa",
          "frequencies": [0.263897, 0.236103, 0.236103, 0.263897]
        },
        "sequence_db": {
          "source": "/Users/ferenc.kagan/Documents/Projects/CNE_fin/output/meme_analysis/vertebrata_motifs/vertebrata_cne.fa",
          "count": 64988,
          "skipped": 8408,
          "fasta_scores": false
        },
        "min_sequence_score": 0,
        "max_sequence_score": 2.84145e+07,
        "max_median_sequence_score": 0.904499,
        "motifs": [
          {
            "db": 0,
            "id": "MA0089.1",
            "alt": "MAFG::NRF1",
            "len": 6,
            "motif_evalue": 0,
            "motif_nsites": 34,
            "url": "http://jaspar.elixir.no/matrix/MA0089.1",
            "pwm": [
              [0.206052, 0.323273, 0.293948, 0.176727], 
              [0.851214, 0.0593439, 0.0886686, 0.00077389], 
              [0.00077389, 0.000692385, 0.000692385, 0.997841], 
              [0.0300996, 0.000692385, 0.939108, 0.0300996], 
              [0.997841, 0.000692385, 0.000692385, 0.00077389], 
              [0.00077389, 0.763156, 0.0593439, 0.176727]
            ],
            "pos": 64988,
            "neg": 0,
            "tp": -1,
            "fp": -1,
            "positive_thresh": 64988,
            "true_positive_thresh": 0,
            "number_of_tests": 64988,
            "corrected_pvalue": "0.00e0",
            "evalue": "0.00e0"
          }, {
            "db": 0,
            "id": "MA2503.1",
            "alt": "Banp",
            "len": 10,
            "motif_evalue": 0,
            "motif_nsites": 836,
            "url": "http://jaspar.elixir.no/matrix/MA2503.1",
            "pwm": [
              [0.0311278, 0.118435, 0.0514571, 0.798979], 
              [0.0993017, 0.845621, 0.0442809, 0.0107963], 
              [0.0275403, 0.0861419, 0.0383017, 0.848016], 
              [3.15628e-05, 0.987948, 0.00600852, 0.00601185], 
              [0.0227558, 0.00600852, 0.956852, 0.0143838], 
              [0.0143838, 0.956852, 0.00600852, 0.0227558], 
              [0.00601185, 0.00600852, 0.987948, 3.15628e-05], 
              [0.848016, 0.0383017, 0.0861419, 0.0275403], 
              [0.0107963, 0.0442809, 0.845621, 0.0993017], 
              [0.798979, 0.0514571, 0.118435, 0.0311278]
            ],
            "pos": 64988,
            "neg": 0,
            "tp": -1,
            "fp": -1,
            "positive_thresh": 64988,
            "true_positive_thresh": 0,
            "number_of_tests": 64988,
            "corrected_pvalue": "0.00e0",
            "evalue": "0.00e0"
          }, {
            "db": 0,
            "id": "MA0002.3",
            "alt": "Runx1",
            "len": 9,
            "motif_evalue": 0,
            "motif_nsites": 2000,
            "url": "http://jaspar.elixir.no/matrix/MA0002.3",
            "pwm": [
              [0.0615101, 0.535985, 0.0745081, 0.327997], 
              [0.0285118, 1.18046e-05, 0.00351163, 0.967965], 
              [1.31942e-05, 0.0375099, 0.935965, 0.0265119], 
              [0.043511, 0.0635086, 0.0350101, 0.85797], 
              [1.31942e-05, 1.18046e-05, 0.993462, 0.00651287], 
              [0.00851277, 0.0210108, 0.923966, 0.0465109], 
              [0.00501294, 0.200002, 0.125506, 0.66948], 
              [0.0655099, 0.2315, 0.0405098, 0.66248], 
              [0.250001, 0.0790079, 0.144505, 0.526487]
            ],
            "pos": 64988,
            "neg": 0,
            "tp": -1,
            "fp": -1,
            "positive_thresh": 64988,
            "true_positive_thresh": 0,
            "number_of_tests": 64988,
            "corrected_pvalue": "0.00e0",
            "evalue": "0.00e0"
          }, {
            "db": 0,
            "id": "MA1618.2",
            "alt": "Ptf1A",
            "len": 9,
            "motif_evalue": 0,
            "motif_nsites": 14441,
            "url": "http://jaspar.elixir.no/matrix/MA1618.2",
            "pwm": [
              [0.592339, 0.190222, 0.167163, 0.0502755], 
              [0.00921176, 0.969872, 0.00900357, 0.0119127], 
              [0.973889, 0.00817258, 0.0105966, 0.00734178], 
              [0.0173137, 0.0322704, 0.905195, 0.0452195], 
              [0.840104, 0.119383, 0.0302624, 0.0102508], 
              [0.00872677, 0.0155125, 0.00817258, 0.967587], 
              [0.0166907, 0.00844958, 0.960316, 0.0145437], 
              [0.0668254, 0.142512, 0.197632, 0.593032], 
              [0.104634, 0.162109, 0.158924, 0.574335]
            ],
            "pos": 64988,
            "neg": 0,
            "tp": -1,
            "fp": -1,
            "positive_thresh": 64988,
            "true_positive_thresh": 0,
            "number_of_tests": 64988,
            "corrected_pvalue": "0.00e0",
            "evalue": "0.00e0"
          }, {
            "db": 0,
            "id": "MA0506.3",
            "alt": "Nrf1",
            "len": 12,
            "motif_evalue": 0,
            "motif_nsites": 12729,
            "url": "http://jaspar.elixir.no/matrix/MA0506.3",
            "pwm": [
              [0.101266, 0.566263, 0.261607, 0.0708635], 
              [0.0584506, 0.143846, 0.0678783, 0.729826], 
              [0.0349618, 0.0266336, 0.930233, 0.00817201], 
              [0.0320548, 0.925677, 0.0269476, 0.015321], 
              [0.0224699, 0.0151637, 0.944766, 0.0175999], 
              [0.01155, 0.929997, 0.0400675, 0.0183849], 
              [0.340324, 0.430118, 0.197502, 0.0320548], 
              [0.010058, 0.0453315, 0.0350396, 0.909572], 
              [0.00534403, 0.0197207, 0.968177, 0.00675802], 
              [0.010293, 0.953957, 0.0157927, 0.0199559], 
              [0.0215279, 0.0452525, 0.87744, 0.0557796], 
              [0.0334688, 0.6647, 0.0791902, 0.222641]
            ],
            "pos": 64988,
            "neg": 0,
            "tp": -1,
            "fp": -1,
            "positive_thresh": 64988,
            "true_positive_thresh": 0,
            "number_of_tests": 64988,
            "corrected_pvalue": "0.00e0",
            "evalue": "0.00e0"
          }, {
            "db": 0,
            "id": "MA0505.3",
            "alt": "Nr5a2",
            "len": 9,
            "motif_evalue": 0,
            "motif_nsites": 30542,
            "url": "http://jaspar.elixir.no/matrix/MA0505.3",
            "pwm": [
              [0.131622, 0.102089, 0.0754045, 0.690884], 
              [0.0665316, 0.0284537, 0.8892, 0.0158148], 
              [0.651168, 0.0387996, 0.220549, 0.0894836], 
              [0.0107078, 0.977472, 0.00406076, 0.00776084], 
              [0.00979083, 0.973543, 0.00543576, 0.0112308], 
              [0.0119188, 0.0227237, 0.0117547, 0.953603], 
              [0.00870984, 0.0110677, 0.00933174, 0.970891], 
              [0.0111328, 0.0284857, 0.949838, 0.0105438], 
              [0.863399, 0.0211187, 0.0786465, 0.0368357]
            ],
            "pos": 64988,
            "neg": 0,
            "tp": -1,
            "fp": -1,
            "positive_thresh": 64988,
            "true_positive_thresh": 0,
            "number_of_tests": 64988,
            "corrected_pvalue": "0.00e0",
            "evalue": "0.00e0"
          }, {
            "db": 0,
            "id": "MA1540.3",
            "alt": "Nr5a1",
            "len": 12,
            "motif_evalue": 0,
            "motif_nsites": 4697,
            "url": "http://jaspar.elixir.no/matrix/MA1540.3",
            "pwm": [
              [0.626988, 0.0847382, 0.134769, 0.153504], 
              [0.150737, 0.118801, 0.60144, 0.129022], 
              [0.0800549, 0.15904, 0.155207, 0.605699], 
              [0.0340689, 0.120079, 0.0276814, 0.81817], 
              [0.0153343, 0.918869, 0.0402422, 0.0255531], 
              [0.912696, 0.0410942, 0.0266175, 0.0195922], 
              [0.92398, 0.0183146, 0.0340683, 0.0236371], 
              [0.0225731, 0.00958582, 0.94974, 0.0181022], 
              [0.0185272, 0.0112888, 0.945269, 0.0249151], 
              [0.0828229, 0.205238, 0.0364103, 0.675529], 
              [0.0142693, 0.90929, 0.0238495, 0.0525915], 
              [0.894388, 0.0306624, 0.0327913, 0.0421597]
            ],
            "pos": 64988,
            "neg": 0,
            "tp": -1,
            "fp": -1,
            "positive_thresh": 64988,
            "true_positive_thresh": 0,
            "number_of_tests": 64988,
            "corrected_pvalue": "0.00e0",
            "evalue": "0.00e0"
          }, {
            "db": 0,
            "id": "MA2486.1",
            "alt": "Fosb",
            "len": 7,
            "motif_evalue": 0,
            "motif_nsites": 20082,
            "url": "http://jaspar.elixir.no/matrix/MA2486.1",
            "pwm": [
              [0.0103093, 0.0133961, 0.00567815, 0.970616], 
              [0.0232062, 0.00617614, 0.901451, 0.069167], 
              [0.982567, 0.00488115, 0.00503015, 0.00752028], 
              [0.0410331, 0.834127, 0.0810688, 0.0437721], 
              [0.0191722, 0.00323816, 0.0155871, 0.962003], 
              [0.104074, 0.871076, 0.00537915, 0.0194712], 
              [0.963347, 0.00921313, 0.0168321, 0.0106083]
            ],
            "pos": 64988,
            "neg": 0,
            "tp": -1,
            "fp": -1,
            "positive_thresh": 64988,
            "true_positive_thresh": 0,
            "number_of_tests": 64988,
            "corrected_pvalue": "0.00e0",
            "evalue": "0.00e0"
          }, {
            "db": 0,
            "id": "MA2485.1",
            "alt": "Duxbl1",
            "len": 13,
            "motif_evalue": 0,
            "motif_nsites": 1001,
            "url": "http://jaspar.elixir.no/matrix/MA2485.1",
            "pwm": [
              [0.163846, 0.307685, 0.045973, 0.482495], 
              [0.0599604, 0.085929, 0.0389807, 0.81513], 
              [0.769181, 0.0150071, 0.201801, 0.014011], 
              [0.969959, 0.00701589, 0.0170049, 0.00601976], 
              [0.0279956, 0.300693, 0.0130093, 0.658303], 
              [0.00801756, 0.927004, 0.0110115, 0.053967], 
              [0.014011, 0.250748, 0.00901369, 0.726228], 
              [0.985942, 0.0100126, 0.00102248, 0.00302306], 
              [0.988939, 0.00202138, 0.00401919, 0.00502086], 
              [0.00302306, 0.00501809, 0.00102248, 0.990936], 
              [2.63607e-05, 0.992931, 0.00102248, 0.00601976], 
              [0.849093, 0.00601699, 0.00102248, 0.143868], 
              [0.914021, 0.00801479, 0.0419774, 0.0359868]
            ],
            "pos": 64988,
            "neg": 0,
            "tp": -1,
            "fp": -1,
            "positive_thresh": 64988,
            "true_positive_thresh": 0,
            "number_of_tests": 64988,
            "corrected_pvalue": "0.00e0",
            "evalue": "0.00e0"
          }, {
            "db": 0,
            "id": "MA2484.1",
            "alt": "Dmrtb1",
            "len": 13,
            "motif_evalue": 0,
            "motif_nsites": 4093,
            "url": "http://jaspar.elixir.no/matrix/MA2484.1",
            "pwm": [
              [0.106039, 0.0596183, 0.740032, 0.0943111], 
              [0.408254, 0.264353, 0.0632832, 0.264109], 
              [0.227463, 0.104083, 0.0603513, 0.608103], 
              [0.977994, 0.00489165, 0.00611362, 0.0110002], 
              [0.0131991, 0.954294, 0.0190623, 0.0134441], 
              [0.93866, 0.0122215, 0.0026937, 0.0464263], 
              [0.764708, 0.0566864, 0.0481356, 0.13047], 
              [0.552644, 0.0070906, 0.0232152, 0.41705], 
              [0.0320117, 0.0163744, 0.939147, 0.0124661], 
              [0.0222389, 0.00928954, 0.0151534, 0.953318], 
              [0.818212, 0.030545, 0.0664591, 0.0847834], 
              [0.254092, 0.0381188, 0.202542, 0.505247], 
              [0.109703, 0.748826, 0.0620613, 0.0794085]
            ],
            "pos": 64988,
            "neg": 0,
            "tp": -1,
            "fp": -1,
            "positive_thresh": 64988,
            "true_positive_thresh": 0,
            "number_of_tests": 64988,
            "corrected_pvalue": "0.00e0",
            "evalue": "0.00e0"
          }, {
            "db": 0,
            "id": "MA0002.2",
            "alt": "Runx1",
            "len": 11,
            "motif_evalue": 0,
            "motif_nsites": 2000,
            "url": "http://jaspar.elixir.no/matrix/MA0002.2",
            "pwm": [
              [0.143506, 0.247999, 0.347994, 0.2605], 
              [0.117007, 0.2425, 0.2335, 0.406993], 
              [0.0615101, 0.535985, 0.0745081, 0.327997], 
              [0.0285118, 1.18046e-05, 0.00351163, 0.967965], 
              [1.31942e-05, 0.0375099, 0.935965, 0.0265119], 
              [0.043511, 0.0635086, 0.0350101, 0.85797], 
              [1.31942e-05, 1.18046e-05, 0.993462, 0.00651287], 
              [0.00851277, 0.0210108, 0.923966, 0.0465109], 
              [0.00501294, 0.200002, 0.125506, 0.66948], 
              [0.0655099, 0.2315, 0.0405098, 0.66248], 
              [0.250001, 0.0790079, 0.144505, 0.526487]
            ],
            "pos": 64988,
            "neg": 0,
            "tp": -1,
            "fp": -1,
            "positive_thresh": 64988,
            "true_positive_thresh": 0,
            "number_of_tests": 64988,
            "corrected_pvalue": "0.00e0",
            "evalue": "0.00e0"
          }, {
            "db": 0,
            "id": "MA0116.2",
            "alt": "ZNF423",
            "len": 13,
            "motif_evalue": 0,
            "motif_nsites": 1003,
            "url": "http://jaspar.elixir.no/matrix/MA0116.2",
            "pwm": [
              [0.214362, 0.0847611, 0.619105, 0.0817732], 
              [0.0867577, 0.538355, 0.283146, 0.0917422], 
              [0.185452, 0.317041, 0.0827673, 0.414741], 
              [0.022955, 0.851385, 0.0518624, 0.073798], 
              [0.00700461, 0.938115, 0.00600494, 0.0488744], 
              [0.0119891, 0.96902, 0.00500804, 0.0139829], 
              [0.278165, 0.150557, 0.0389027, 0.532376], 
              [0.0399023, 0.0179677, 0.878301, 0.0638289], 
              [0.0718042, 0.105696, 0.802536, 0.0199643], 
              [0.185452, 0.00899564, 0.732752, 0.0728011], 
              [0.0189674, 0.0279368, 0.947088, 0.00600771], 
              [0.488512, 0.197412, 0.0837642, 0.230312], 
              [0.0767887, 0.168502, 0.690882, 0.0638289]
            ],
            "pos": 64988,
            "neg": 0,
            "tp": -1,
            "fp": -1,
            "positive_thresh": 64988,
            "true_positive_thresh": 0,
            "number_of_tests": 64988,
            "corrected_pvalue": "0.00e0",
            "evalue": "0.00e0"
          }, {
            "db": 0,
            "id": "MA1976.3",
            "alt": "ZNF320",
            "len": 10,
            "motif_evalue": 0,
            "motif_nsites": 1000,
            "url": "http://jaspar.elixir.no/matrix/MA1976.3",
            "pwm": [
              [0.233003, 0.0290207, 0.591964, 0.146012], 
              [0.0630201, 0.00302331, 0.808943, 0.125014], 
              [0.0270237, 2.3608e-05, 0.970927, 0.00202619], 
              [0.0230241, 0.00102351, 0.975926, 2.6387e-05], 
              [0.034023, 0.0300206, 0.907933, 0.0280236], 
              [0.272999, 0.711952, 0.00502311, 0.0100254], 
              [0.153011, 0.767947, 0.0150221, 0.06402], 
              [0.56297, 0.00502311, 0.0710165, 0.36099], 
              [0.314995, 0.0140222, 0.541969, 0.129013], 
              [0.0510213, 0.237, 0.145009, 0.56697]
            ],
            "pos": 64988,
            "neg": 0,
            "tp": -1,
            "fp": -1,
            "positive_thresh": 64988,
            "true_positive_thresh": 0,
            "number_of_tests": 64988,
            "corrected_pvalue": "0.00e0",
            "evalue": "0.00e0"
          }, {
            "db": 0,
            "id": "MA0088.3",
            "alt": "ZNF143",
            "len": 23,
            "motif_evalue": 0,
            "motif_nsites": 889,
            "url": "http://jaspar.elixir.no/matrix/MA0088.3",
            "pwm": [
              [0.0798857, 0.735602, 0.0382673, 0.146245], 
              [0.365568, 0.0652612, 0.455543, 0.113628], 
              [0.320579, 0.185608, 0.359941, 0.133873], 
              [0.245221, 0.0337688, 0.401556, 0.319454], 
              [0.0315221, 0.022521, 0.924557, 0.0213993], 
              [0.103505, 0.656871, 0.186733, 0.0528917], 
              [0.492662, 0.375687, 0.0337688, 0.0978817], 
              [0.0225242, 0.205852, 0.0427667, 0.728857], 
              [0.0371455, 0.192356, 0.366689, 0.403809], 
              [0.114753, 0.722105, 0.0787577, 0.0843842], 
              [0.00452818, 0.139494, 0.0022763, 0.853702], 
              [0.0079028, 2.65553e-05, 0.992041, 2.96813e-05], 
              [0.00115455, 0.0022763, 0.996539, 2.96813e-05], 
              [0.0315221, 0.0022763, 0.954925, 0.0112774], 
              [0.897567, 0.0146479, 0.0393921, 0.0483932], 
              [0.464544, 0.1125, 0.305954, 0.117002], 
              [0.334075, 0.0708846, 0.0787577, 0.516282], 
              [0.0191505, 0.0810074, 0.0337688, 0.866074], 
              [0.0135262, 0.0022763, 0.97742, 0.00677792], 
              [0.0393953, 0.0202713, 0.040517, 0.899816], 
              [0.953803, 0.00564992, 0.0360185, 0.00452818], 
              [0.00565305, 0.00902454, 0.983043, 0.00227943], 
              [0.0101525, 0.0067748, 0.0191474, 0.963925]
            ],
            "pos": 64988,
            "neg": 0,
            "tp": -1,
            "fp": -1,
            "positive_thresh": 64988,
            "true_positive_thresh": 0,
            "number_of_tests": 64988,
            "corrected_pvalue": "0.00e0",
            "evalue": "0.00e0"
          }, {
            "db": 0,
            "id": "MA1589.3",
            "alt": "ZNF140",
            "len": 12,
            "motif_evalue": 0,
            "motif_nsites": 1155,
            "url": "http://jaspar.elixir.no/matrix/MA1589.3",
            "pwm": [
              [0.315148, 0.0502321, 0.61988, 0.0147406], 
              [0.00694825, 0.981753, 0.00694584, 0.00435147], 
              [0.941932, 0.016469, 0.00608092, 0.0355178], 
              [0.975696, 0.0112745, 0.0121404, 0.000888771], 
              [2.28462e-05, 0.00175229, 2.04401e-05, 0.998204], 
              [2.28462e-05, 0.000886365, 2.04401e-05, 0.99907], 
              [0.00348555, 0.993008, 0.000886365, 0.00261962], 
              [0.00348555, 0.981753, 0.000886365, 0.0138746], 
              [0.0242627, 0.0415748, 0.924615, 0.00954602], 
              [0.0372486, 0.904704, 0.00521499, 0.0528323], 
              [0.0233978, 0.0779357, 0.0762038, 0.822463], 
              [0.0459059, 0.836312, 0.0433067, 0.0744754]
            ],
            "pos": 64988,
            "neg": 0,
            "tp": -1,
            "fp": -1,
            "positive_thresh": 64988,
            "true_positive_thresh": 0,
            "number_of_tests": 64988,
            "corrected_pvalue": "0.00e0",
            "evalue": "0.00e0"
          }, {
            "db": 0,
            "id": "MA2330.2",
            "alt": "ZBTB24",
            "len": 12,
            "motif_evalue": 0,
            "motif_nsites": 1000,
            "url": "http://jaspar.elixir.no/matrix/MA2330.2",
            "pwm": [
              [0.00702569, 0.93693, 0.0190217, 0.0370227], 
              [0.179008, 0.0540182, 0.026021, 0.740952], 
              [0.110015, 0.0540182, 0.379986, 0.455981], 
              [0.0910173, 0.658958, 0.0900146, 0.16001], 
              [0.182008, 0.724951, 0.0310205, 0.0620202], 
              [0.919934, 0.00802281, 0.0520184, 0.0200244], 
              [0.0570207, 0.00502311, 0.915932, 0.0220242], 
              [0.014025, 0.0150221, 0.963927, 0.00702569], 
              [0.851941, 0.0110225, 0.066017, 0.0710193], 
              [0.0220242, 0.93293, 0.0110225, 0.034023], 
              [0.034023, 0.869937, 0.00802281, 0.0880176], 
              [0.024024, 0.196004, 0.0490187, 0.730953]
            ],
            "pos": 64988,
            "neg": 0,
            "tp": -1,
            "fp": -1,
            "positive_thresh": 64988,
            "true_positive_thresh": 0,
            "number_of_tests": 64988,
            "corrected_pvalue": "0.00e0",
            "evalue": "0.00e0"
          }, {
            "db": 0,
            "id": "MA0695.3",
            "alt": "ZBTB7C",
            "len": 8,
            "motif_evalue": 0,
            "motif_nsites": 7501,
            "url": "http://jaspar.elixir.no/matrix/MA0695.3",
            "pwm": [
              [0.0993222, 0.0925229, 0.72403, 0.0841244], 
              [0.0258662, 0.00586907, 0.956662, 0.0116014], 
              [0.00360347, 3.14758e-06, 0.134383, 0.86201], 
              [3.51811e-06, 0.000270144, 0.999723, 3.51811e-06], 
              [0.000136516, 3.14758e-06, 0.994791, 0.00506945], 
              [0.000536511, 3.14758e-06, 0.114253, 0.885207], 
              [0.0710596, 0.61458, 0.0949229, 0.219438], 
              [0.106388, 0.128517, 0.662439, 0.102655]
            ],
            "pos": 64988,
            "neg": 0,
            "tp": -1,
            "fp": -1,
            "positive_thresh": 64988,
            "true_positive_thresh": 0,
            "number_of_tests": 64988,
            "corrected_pvalue": "0.00e0",
            "evalue": "0.00e0"
          }, {
            "db": 0,
            "id": "MA0750.4",
            "alt": "ZBTB7A",
            "len": 8,
            "motif_evalue": 0,
            "motif_nsites": 997,
            "url": "http://jaspar.elixir.no/matrix/MA0750.4",
            "pwm": [
              [0.41824, 0.00403528, 0.571681, 0.00604386], 
              [0.00102937, 2.3679e-05, 0.945767, 0.0531801], 
              [0.00203227, 2.3679e-05, 0.997918, 2.64664e-05], 
              [0.00303516, 0.00102658, 0.9919, 0.00403806], 
              [0.0180787, 2.3679e-05, 0.269806, 0.712091], 
              [0.0100555, 0.98488, 0.00202948, 0.00303516], 
              [0.0120613, 0.2678, 0.2678, 0.452338], 
              [0.0210874, 0.573687, 0.111347, 0.293879]
            ],
            "pos": 64988,
            "neg": 0,
            "tp": -1,
            "fp": -1,
            "positive_thresh": 64988,
            "true_positive_thresh": 0,
            "number_of_tests": 64988,
            "corrected_pvalue": "0.00e0",
            "evalue": "0.00e0"
          }, {
            "db": 0,
            "id": "MA2692.1",
            "alt": "ZNF43",
            "len": 12,
            "motif_evalue": 0,
            "motif_nsites": 671,
            "url": "http://jaspar.elixir.no/matrix/MA2692.1",
            "pwm": [
              [0.335309, 0.0998713, 0.0387774, 0.526041], 
              [0.0432519, 0.911971, 0.0208961, 0.0238808], 
              [0.378522, 0.594582, 0.00748607, 0.0194104], 
              [0.970089, 0.00301574, 0.0238766, 0.00301988], 
              [0.979029, 3.51815e-05, 0.0164257, 0.00450966], 
              [0.986479, 0.00301574, 0.00301574, 0.00749021], 
              [0.00749021, 0.00301574, 0.00301574, 0.986479], 
              [0.00450966, 0.0164257, 3.51815e-05, 0.979029], 
              [0.00301988, 0.0238766, 0.00301574, 0.970089], 
              [0.0209002, 0.00748607, 0.591601, 0.380013], 
              [0.0238808, 0.0194063, 0.914951, 0.0417621], 
              [0.524551, 0.0402672, 0.101361, 0.33382]
            ],
            "pos": 64988,
            "neg": 0,
            "tp": -1,
            "fp": -1,
            "positive_thresh": 64988,
            "true_positive_thresh": 0,
            "number_of_tests": 64988,
            "corrected_pvalue": "0.00e0",
            "evalue": "0.00e0"
          }, {
            "db": 0,
            "id": "MA2691.1",
            "alt": "ZNF841",
            "len": 13,
            "motif_evalue": 0,
            "motif_nsites": 84,
            "url": "http://jaspar.elixir.no/matrix/MA2691.1",
            "pwm": [
              [0.547282, 0.36889, 0.0240624, 0.059767], 
              [0.13111, 0.0359523, 0.511577, 0.321361], 
              [0.880218, 0.0359523, 0.0716248, 0.0122046], 
              [0.975343, 0.000280741, 0.0240624, 0.000313789], 
              [0.000313789, 0.000280741, 0.999092, 0.000313789], 
              [0.000313789, 0.999092, 0.000280741, 0.000313789], 
              [0.999125, 0.000280741, 0.000280741, 0.000313789], 
              [0.0240955, 0.059734, 0.868295, 0.0478762], 
              [0.0122046, 0.939638, 0.000280741, 0.0478762], 
              [0.33325, 0.654264, 0.000280741, 0.0122046], 
              [0.927781, 0.0240624, 0.0121716, 0.0359853], 
              [0.416485, 0.0240624, 0.499686, 0.059767], 
              [0.0359853, 0.0240624, 0.892076, 0.0478762]
            ],
            "pos": 64988,
            "neg": 0,
            "tp": -1,
            "fp": -1,
            "positive_thresh": 64988,
            "true_positive_thresh": 0,
            "number_of_tests": 64988,
            "corrected_pvalue": "0.00e0",
            "evalue": "0.00e0"
          }, {
            "db": 0,
            "id": "MA2690.1",
            "alt": "ZNF724",
            "len": 24,
            "motif_evalue": 0,
            "motif_nsites": 197,
            "url": "http://jaspar.elixir.no/matrix/MA2690.1",
            "pwm": [
              [0.263959, 0.116812, 0.558212, 0.061017], 
              [0.740875, 0.0356348, 0.0711497, 0.152341], 
              [0.0153542, 0.964097, 0.000119789, 0.0204286], 
              [0.811905, 0.0254879, 0.0102666, 0.152341], 
              [0.0356489, 0.00519321, 0.0102666, 0.948891], 
              [0.152341, 0.0407082, 0.745934, 0.061017], 
              [0.025502, 0.796669, 0.0204145, 0.157414], 
              [0.00520731, 0.0254879, 0.000119789, 0.969185], 
              [0.0660904, 0.00519321, 0.111738, 0.816978], 
              [0.0153542, 0.0102666, 0.766228, 0.20815], 
              [0.0356489, 0.000119789, 0.948877, 0.0153542], 
              [0.98948, 0.000119789, 0.000119789, 0.0102807], 
              [0.00013389, 0.994539, 0.000119789, 0.00520731], 
              [0.00520731, 0.00519321, 0.00519321, 0.984406], 
              [0.00013389, 0.0204145, 0.00519321, 0.974258], 
              [0.192929, 0.0356348, 0.0153401, 0.756095], 
              [0.0204286, 0.953951, 0.0153401, 0.0102807], 
              [0.233518, 0.0305613, 0.00519321, 0.730727], 
              [0.0711638, 0.238578, 0.669831, 0.0204286], 
              [0.659697, 0.0457816, 0.223356, 0.0711638], 
              [0.0204286, 0.406005, 0.243651, 0.329915], 
              [0.218297, 0.0204145, 0.0204145, 0.740875], 
              [0.0407223, 0.187841, 0.0254879, 0.745948], 
              [0.0457957, 0.208136, 0.649536, 0.096532]
            ],
            "pos": 64988,
            "neg": 0,
            "tp": -1,
            "fp": -1,
            "positive_thresh": 64988,
            "true_positive_thresh": 0,
            "number_of_tests": 64988,
            "corrected_pvalue": "0.00e0",
            "evalue": "0.00e0"
          }, {
            "db": 0,
            "id": "MA2689.1",
            "alt": "ZNF470",
            "len": 16,
            "motif_evalue": 0,
            "motif_nsites": 72,
            "url": "http://jaspar.elixir.no/matrix/MA2689.1",
            "pwm": [
              [0.0142358, 0.139024, 0.125154, 0.721586], 
              [0.166802, 0.319328, 0.111284, 0.402585], 
              [0.0697137, 0.416417, 0.125154, 0.388716], 
              [0.000366015, 0.000327467, 0.000327467, 0.998979], 
              [0.0142358, 0.915723, 0.0419367, 0.0281055], 
              [0.055845, 0.000327467, 0.0280669, 0.915762], 
              [0.0142358, 0.0141972, 0.000327467, 0.97124], 
              [0.0281055, 0.943462, 0.0280669, 0.000366015], 
              [0.0281055, 0.0280669, 0.000327467, 0.9435], 
              [0.0835834, 0.0141972, 0.790896, 0.111323], 
              [0.0281055, 0.0558064, 0.139024, 0.777065], 
              [0.0142358, 0.0696752, 0.0974146, 0.818673], 
              [0.139062, 0.111284, 0.166763, 0.58289], 
              [0.263889, 0.388677, 0.194502, 0.152932], 
              [0.152932, 0.67994, 0.0419367, 0.125193], 
              [0.111323, 0.139024, 0.0696752, 0.679978]
            ],
            "pos": 64988,
            "neg": 0,
            "tp": -1,
            "fp": -1,
            "positive_thresh": 64988,
            "true_positive_thresh": 0,
            "number_of_tests": 64988,
            "corrected_pvalue": "0.00e0",
            "evalue": "0.00e0"
          }, {
            "db": 0,
            "id": "MA2688.1",
            "alt": "ZNF347",
            "len": 16,
            "motif_evalue": 0,
            "motif_nsites": 2288,
            "url": "http://jaspar.elixir.no/matrix/MA2688.1",
            "pwm": [
              [0.150792, 0.674369, 0.054204, 0.120635], 
              [0.0944134, 0.603568, 0.114515, 0.187503], 
              [0.414766, 0.136805, 0.109272, 0.339158], 
              [0.035412, 0.0437144, 0.0336628, 0.887211], 
              [0.0201157, 0.83695, 0.00569207, 0.137244], 
              [0.0201157, 0.94184, 0.00219522, 0.035849], 
              [0.00831517, 0.962381, 0.00831396, 0.0209896], 
              [0.0135599, 0.945336, 0.00656603, 0.034538], 
              [0.0183677, 0.0603227, 0.0100619, 0.911248], 
              [0.00656725, 0.0909153, 0.0227363, 0.879781], 
              [0.00787819, 0.104901, 0.00481811, 0.882403], 
              [0.0100631, 0.902506, 0.00831396, 0.0791161], 
              [0.0327901, 0.848749, 0.0126848, 0.105776], 
              [0.646836, 0.197554, 0.0515811, 0.104028], 
              [0.0970353, 0.207169, 0.441425, 0.254371], 
              [0.0406568, 0.531456, 0.0375957, 0.390291]
            ],
            "pos": 64988,
            "neg": 0,
            "tp": -1,
            "fp": -1,
            "positive_thresh": 64988,
            "true_positive_thresh": 0,
            "number_of_tests": 64988,
            "corrected_pvalue": "0.00e0",
            "evalue": "0.00e0"
          }, {
            "db": 0,
            "id": "MA2687.1",
            "alt": "ZNF251",
            "len": 20,
            "motif_evalue": 0,
            "motif_nsites": 1971,
            "url": "http://jaspar.elixir.no/matrix/MA2687.1",
            "pwm": [
              [0.136485, 0.0933612, 0.0943752, 0.675778], 
              [0.141559, 0.078648, 0.547422, 0.232371], 
              [0.168447, 0.197871, 0.540827, 0.0928547], 
              [0.0634302, 0.454073, 0.0898094, 0.392687], 
              [0.0573415, 0.145616, 0.0345102, 0.762532], 
              [0.0842301, 0.258751, 0.0309594, 0.62606], 
              [0.276508, 0.204467, 0.0477016, 0.471323], 
              [0.0253801, 0.0167541, 0.00711462, 0.950751], 
              [0.0329897, 0.0411059, 0.0126953, 0.913209], 
              [0.00914492, 0.0152322, 0.0492235, 0.926399], 
              [0.00255026, 0.975609, 0.0015339, 0.0203064], 
              [0.920312, 0.0284225, 0.0177681, 0.0334977], 
              [0.00255026, 0.952272, 0.0152322, 0.0299459], 
              [0.007623, 0.00305582, 0.0035628, 0.985757], 
              [0.0147256, 0.0309594, 0.00914351, 0.94517], 
              [0.968508, 0.00254885, 0.0152322, 0.0137117], 
              [0.180623, 0.00965149, 0.793478, 0.0162476], 
              [0.00356421, 0.980175, 0.00102693, 0.0152336], 
              [0.868564, 0.0228418, 0.0821998, 0.026395], 
              [0.0624152, 0.668167, 0.019798, 0.24962]
            ],
            "pos": 64988,
            "neg": 0,
            "tp": -1,
            "fp": -1,
            "positive_thresh": 64988,
            "true_positive_thresh": 0,
            "number_of_tests": 64988,
            "corrected_pvalue": "0.00e0",
            "evalue": "0.00e0"
          }, {
            "db": 0,
            "id": "MA2686.1",
            "alt": "ZEB2",
            "len": 6,
            "motif_evalue": 0,
            "motif_nsites": 1003,
            "url": "http://jaspar.elixir.no/matrix/MA2686.1",
            "pwm": [
              [0.0787825, 0.837428, 0.0727983, 0.0109922], 
              [0.990955, 0.00301424, 0.00401114, 0.00202011], 
              [0.00501081, 0.00500804, 0.985967, 0.00401391], 
              [0.012986, 0.00600494, 0.978989, 0.00202011], 
              [0.0678165, 0.00500804, 0.00899564, 0.91818], 
              [0.170498, 0.00799874, 0.80752, 0.0139829]
            ],
            "pos": 64988,
            "neg": 0,
            "tp": -1,
            "fp": -1,
            "positive_thresh": 64988,
            "true_positive_thresh": 0,
            "number_of_tests": 64988,
            "corrected_pvalue": "0.00e0",
            "evalue": "0.00e0"
          }, {
            "db": 0,
            "id": "MA2685.1",
            "alt": "TLX3",
            "len": 8,
            "motif_evalue": 0,
            "motif_nsites": 2244,
            "url": "http://jaspar.elixir.no/matrix/MA2685.1",
            "pwm": [
              [0.187614, 0.200537, 0.569504, 0.0423449], 
              [0.00981532, 0.078438, 0.0182807, 0.893466], 
              [1.17596e-05, 0.00535828, 1.05211e-05, 0.994619], 
              [0.999521, 1.05211e-05, 0.000456501, 1.17596e-05], 
              [0.999967, 1.05211e-05, 1.05211e-05, 1.17596e-05], 
              [0.0869059, 0.174245, 0.0869046, 0.651944], 
              [0.0641799, 0.0869046, 0.331101, 0.517814], 
              [0.456765, 0.0160528, 0.510683, 0.016499]
            ],
            "pos": 64988,
            "neg": 0,
            "tp": -1,
            "fp": -1,
            "positive_thresh": 64988,
            "true_positive_thresh": 0,
            "number_of_tests": 64988,
            "corrected_pvalue": "0.00e0",
            "evalue": "0.00e0"
          }, {
            "db": 0,
            "id": "MA2684.1",
            "alt": "SOX30",
            "len": 8,
            "motif_evalue": 0,
            "motif_nsites": 8991,
            "url": "http://jaspar.elixir.no/matrix/MA2684.1",
            "pwm": [
              [0.0443804, 0.496271, 0.263597, 0.195752], 
              [0.07986, 0.596704, 0.187633, 0.135803], 
              [0.974077, 0.00155961, 0.00289459, 0.0214687], 
              [0.000113934, 0.000781617, 0.000113625, 0.998991], 
              [0.000113934, 0.000669619, 2.62597e-06, 0.999213], 
              [0.00556387, 0.00345059, 0.990983, 2.93509e-06], 
              [0.00100392, 0.00611956, 0.000781617, 0.992095], 
              [0.0559473, 0.332665, 0.104105, 0.507282]
            ],
            "pos": 64988,
            "neg": 0,
            "tp": -1,
            "fp": -1,
            "positive_thresh": 64988,
            "true_positive_thresh": 0,
            "number_of_tests": 64988,
            "corrected_pvalue": "0.00e0",
            "evalue": "0.00e0"
          }, {
            "db": 0,
            "id": "MA2683.1",
            "alt": "NPAS3",
            "len": 6,
            "motif_evalue": 0,
            "motif_nsites": 996,
            "url": "http://jaspar.elixir.no/matrix/MA2683.1",
            "pwm": [
              [0.757982, 0.0391768, 0.182736, 0.0201045], 
              [0.0462069, 0.846325, 0.0120705, 0.0953989], 
              [0.0371718, 0.0060471, 0.944708, 0.0120733], 
              [0.00303819, 0.0020315, 2.37028e-05, 0.994907], 
              [0.00103039, 2.37028e-05, 0.997916, 0.00103039], 
              [0.340353, 0.535111, 0.0552392, 0.0692965]
            ],
            "pos": 64988,
            "neg": 0,
            "tp": -1,
            "fp": -1,
            "positive_thresh": 64988,
            "true_positive_thresh": 0,
            "number_of_tests": 64988,
            "corrected_pvalue": "0.00e0",
            "evalue": "0.00e0"
          }, {
            "db": 0,
            "id": "MA2682.1",
            "alt": "MYT1L",
            "len": 6,
            "motif_evalue": 0,
            "motif_nsites": 994,
            "url": "http://jaspar.elixir.no/matrix/MA2682.1",
            "pwm": [
              [0.56335, 0.11973, 0.27565, 0.0412694], 
              [0.970754, 0.00706504, 0.0211486, 0.00103245], 
              [0.978801, 0.00102965, 0.00706504, 0.0131032], 
              [0.00405014, 2.37505e-05, 0.994894, 0.00103245], 
              [0.00606194, 0.00706504, 0.00203555, 0.984836], 
              [0.0392576, 0.0211486, 0.110677, 0.828917]
            ],
            "pos": 64988,
            "neg": 0,
            "tp": -1,
            "fp": -1,
            "positive_thresh": 64988,
            "true_positive_thresh": 0,
            "number_of_tests": 64988,
